 0 
 62 
 8 
 0 
 1 
 7 
 22 
 28 
 4 
 17 
 0 
 0 
 0 
 0 
 0 
 0 
 0 
 0 
 0 
 36 
 0 
 2 
 40 
 11 
 0 
 1 
 0 
 2 
 1 
 0 
 2 
 40 
 19 
 0 
 28 
 0 
 8 
 45 
 0 
 3 
 0 
 0 
 0 
 0 
 0 
 0 
 36 
 0 
 11 
 40 
 10 
 0 
 1 
 0 
 11 
 1 
 0 
 11 
 40 
 18 
 0 
 28 
 0 
 17 
 45 
 0 
 12 
 0 
 0 
 0 
 56 
 0 
 46 
 62 
 0 
 62 
 45 
 0 
 20 
 0 
 0 
 0 
 56 
 0 
 13 
 62 
 0 
 12 
 56 
 0 
 10 
 62 
 0 
 12 
 45 
 0 
 24 
 0 
 1 
 7 
 0 
 0 
 0 
 62 
 0 
 12 
 47 
 0 
 30 
 28 
 0 
 38 
 56 
 1 
 7 
 36 
 0 
 30 
 62 
 0 
 24 
 45 
 0 
 31 
 0 
 0 
 0 
 0 
 3 
 63 
 0 
 0 
 1 
 0 
 0 
 0 
 0 
 0 
 0 
 26 
 0 
 39 
 11 
 6 
 20 
 36 
 0 
 42 
 42 
 0 
 40 
 36 
 0 
 58 
 10 
 0 
 42 
 40 
 34 
 9 
 42 
 0 
 40 
 36 
 0 
 59 
 10 
 0 
 42 
 40 
 34 
 17 
 42 
 0 
 41 
 36 
 0 
 60 
 45 
 0 
 43 
 0 
 0 
 0 
 0 
 0 
 0 
 0 
 0 
 0 
 0 
 0 
 0 
 0 
 0 
 0 
 36 
 0 
 61 
 47 
 0 
 58 
 28 
 1 
 11 
 62 
 0 
 43 
 10 
 0 
 59 
 49 
 1 
 11 
 47 
 0 
 59 
 28 
 1 
 7 
 56 
 0 
 32 
 62 
 0 
 12 
 47 
 0 
 59 
 28 
 1 
 8 
 10 
 0 
 61 
 62 
 0 
 12 
 10 
 0 
 58 
 14 
 0 
 41 
 51 
 1 
 26 
 32 
 0 
 58 
 10 
 0 
 39 
 57 
 0 
 1 
 36 
 0 
 39 
 2 
 6 
 19 
 51 
 1 
 23 
 40 
 46 
 1 
 10 
 0 
 60 
 49 
 1 
 26 
 62 
 0 
 24 
 45 
 0 
 62 
 0 
 0 
 0 
 0 
 0 
 0 
 10 
 8 
 1 
 57 
 0 
 48 
 62 
 0 
 62 
 32 
 8 
 1 
 62 
 2 
 10 
 62 
 1 
 52 
 10 
 1 
 27 
 51 
 1 
 40 
 62 
 0 
 20 
 56 
 0 
 1 
 36 
 1 
 27 
 45 
 1 
 28 
 0 
 0 
 0 
 63 
 63 
 63 
 0 
 0 
 0 
 0 
 0 
 3 
 0 
 0 
 0 
 0 
 0 
 2 
 0 
 0 
 0 
 0 
 0 
 0 
 0 
 0 
 0 
 0 
 0 
 0 
 0 
 0 
 0 
 0 
 0 
 0 
 10 
 4 
 13 
 32 
 2 
 60 
 32 
 2 
 61 
 36 
 1 
 43 
 10 
 1 
 41 
 8 
 1 
 41 
 26 
 1 
 43 
 8 
 1 
 41 
 11 
 16 
 1 
 38 
 1 
 49 
 36 
 1 
 48 
 40 
 39 
 2 
 16 
 1 
 48 
 40 
 39 
 1 
 16 
 2 
 60 
 18 
 1 
 44 
 37 
 16 
 1 
 38 
 2 
 60 
 47 
 1 
 43 
 28 
 1 
 59 
 45 
 1 
 52 
 0 
 0 
 0 
 32 
 2 
 60 
 32 
 2 
 61 
 10 
 4 
 13 
 36 
 1 
 43 
 10 
 1 
 41 
 8 
 1 
 41 
 26 
 1 
 43 
 8 
 1 
 41 
 11 
 8 
 1 
 38 
 1 
 49 
 36 
 1 
 48 
 40 
 39 
 2 
 16 
 1 
 48 
 40 
 39 
 1 
 16 
 2 
 60 
 18 
 1 
 44 
 37 
 8 
 1 
 38 
 2 
 60 
 47 
 1 
 43 
 28 
 2 
 17 
 45 
 2 
 10 
 0 
 0 
 0 
 0 
 0 
 0 
 10 
 4 
 13 
 36 
 2 
 32 
 26 
 2 
 32 
 11 
 16 
 1 
 9 
 16 
 0 
 40 
 35 
 10 
 37 
 16 
 1 
 47 
 2 
 32 
 28 
 2 
 36 
 45 
 2 
 33 
 0 
 0 
 0 
 10 
 4 
 13 
 36 
 2 
 32 
 26 
 2 
 32 
 33 
 16 
 1 
 33 
 8 
 1 
 47 
 2 
 32 
 28 
 2 
 47 
 56 
 0 
 4 
 36 
 16 
 1 
 45 
 2 
 44 
 0 
 0 
 0 
 0 
 0 
 0 
 0 
 0 
 0 
 0 
 0 
 0 
 0 
 0 
 0 
 0 
 0 
 0 
 0 
 0 
 0 
 0 
 0 
 0 
 10 
 4 
 13 
 36 
 2 
 32 
 32 
 2 
 60 
 32 
 2 
 61 
 32 
 2 
 57 
 32 
 2 
 56 
 26 
 2 
 32 
 11 
 8 
 1 
 36 
 2 
 56 
 11 
 24 
 1 
 36 
 2 
 58 
 8 
 1 
 41 
 10 
 1 
 41 
 16 
 2 
 60 
 16 
 2 
 56 
 16 
 2 
 58 
 18 
 1 
 44 
 37 
 8 
 1 
 38 
 2 
 60 
 47 
 2 
 32 
 28 
 3 
 5 
 45 
 2 
 62 
 0 
 0 
 0 
 10 
 4 
 13 
 36 
 2 
 32 
 32 
 2 
 60 
 32 
 2 
 61 
 32 
 2 
 57 
 32 
 2 
 56 
 56 
 0 
 1 
 36 
 2 
 60 
 26 
 2 
 32 
 11 
 8 
 1 
 36 
 2 
 56 
 8 
 1 
 41 
 11 
 24 
 1 
 51 
 3 
 38 
 10 
 1 
 42 
 28 
 3 
 39 
 40 
 49 
 0 
 16 
 2 
 56 
 16 
 2 
 60 
 18 
 1 
 46 
 37 
 8 
 1 
 38 
 2 
 60 
 47 
 2 
 32 
 28 
 3 
 30 
 45 
 3 
 21 
 0 
 0 
 0 
 0 
 0 
 1 
 0 
 0 
 0 
 10 
 4 
 13 
 36 
 3 
 47 
 30 
 0 
 0 
 56 
 0 
 0 
 40 
 35 
 18 
 11 
 16 
 1 
 22 
 3 
 48 
 37 
 24 
 1 
 31 
 0 
 1 
 47 
 3 
 47 
 28 
 3 
 55 
 45 
 3 
 49 
 40 
 35 
 0 
 0 
 0 
 0 
 41 
 3 
 62 
 36 
 4 
 7 
 10 
 4 
 13 
 36 
 2 
 32 
 26 
 2 
 32 
 11 
 24 
 1 
 9 
 24 
 0 
 40 
 35 
 0 
 37 
 24 
 1 
 47 
 2 
 32 
 28 
 4 
 4 
 45 
 3 
 63 
 0 
 4 
 44 
 0 
 2 
 30 
 0 
 0 
 0 
 0 
 0 
 0 
 0 
 0 
 0 
 40 
 28 
 0 
 40 
 59 
 0 
 62 
 2 
 44 
 56 
 0 
 11 
 62 
 0 
 3 
 10 
 4 
 14 
 40 
 38 
 2 
 36 
 4 
 15 
 12 
 4 
 14 
 40 
 38 
 1 
 36 
 4 
 16 
 10 
 4 
 16 
 57 
 0 
 1 
 36 
 3 
 48 
 62 
 3 
 49 
 62 
 2 
 62 
 10 
 4 
 15 
 57 
 0 
 1 
 40 
 38 
 3 
 36 
 3 
 48 
 62 
 3 
 49 
 62 
 3 
 21 
 10 
 4 
 15 
 57 
 0 
 3 
 36 
 3 
 48 
 62 
 3 
 49 
 56 
 0 
 8 
 62 
 3 
 63 
 62 
 3 
 21 
 10 
 4 
 16 
 57 
 0 
 3 
 40 
 38 
 2 
 36 
 3 
 48 
 62 
 3 
 49 
 62 
 3 
 21 
 10 
 4 
 16 
 57 
 0 
 5 
 36 
 3 
 48 
 62 
 3 
 49 
 56 
 0 
 6 
 62 
 3 
 63 
 62 
 3 
 21 
 10 
 4 
 16 
 57 
 0 
 7 
 36 
 3 
 48 
 62 
 3 
 49 
 56 
 0 
 6 
 62 
 3 
 63 
 62 
 3 
 21 
 10 
 4 
 16 
 57 
 0 
 9 
 36 
 3 
 48 
 62 
 3 
 49 
 56 
 0 
 8 
 62 
 3 
 63 
 62 
 2 
 62 
 10 
 4 
 14 
 2 
 4 
 12 
 51 
 5 
 13 
 40 
 46 
 1 
 62 
 1 
 28 
 62 
 1 
 28 
 62 
 1 
 28 
 62 
 2 
 33 
 10 
 4 
 14 
 57 
 0 
 1 
 36 
 4 
 14 
 10 
 4 
 14 
 40 
 38 
 2 
 36 
 4 
 15 
 12 
 4 
 14 
 40 
 38 
 1 
 36 
 4 
 16 
 10 
 4 
 15 
 57 
 0 
 1 
 40 
 38 
 3 
 36 
 3 
 48 
 62 
 3 
 49 
 62 
 2 
 62 
 10 
 4 
 15 
 57 
 0 
 3 
 36 
 3 
 48 
 62 
 3 
 49 
 56 
 0 
 8 
 62 
 3 
 63 
 62 
 2 
 62 
 10 
 4 
 16 
 57 
 0 
 1 
 36 
 3 
 48 
 62 
 3 
 49 
 62 
 3 
 21 
 10 
 4 
 16 
 57 
 0 
 3 
 40 
 38 
 2 
 36 
 3 
 48 
 62 
 3 
 49 
 62 
 2 
 62 
 10 
 4 
 16 
 57 
 0 
 5 
 36 
 3 
 48 
 62 
 3 
 49 
 56 
 0 
 6 
 62 
 3 
 63 
 62 
 2 
 62 
 10 
 4 
 16 
 57 
 0 
 7 
 36 
 3 
 48 
 62 
 3 
 49 
 56 
 0 
 6 
 62 
 3 
 63 
 62 
 2 
 62 
 10 
 4 
 16 
 57 
 0 
 9 
 36 
 3 
 48 
 62 
 3 
 49 
 56 
 0 
 8 
 62 
 3 
 63 
 62 
 3 
 21 
 10 
 4 
 14 
 2 
 4 
 12 
 51 
 6 
 11 
 40 
 46 
 1 
 62 
 1 
 28 
 62 
 1 
 28 
 62 
 1 
 28 
 62 
 2 
 33 
 10 
 4 
 14 
 57 
 0 
 1 
 36 
 4 
 14 
 28 
 4 
 22 
 0 
 1 
 3 
 34 
 8 
 54 
 33 
 40 
 59 
 33 
 24 
 61 
 33 
 8 
 63 
 32 
 57 
 0 
 32 
 48 
 62 
 0 
 32 
 9 
 1 
 48 
 5 
 33 
 40 
 6 
 0 
 24 
 8 
 1 
 56 
 6 
 33 
 40 
 5 
 0 
 16 
 7 
 2 
 8 
 6 
 33 
 32 
 6 
 0 
 8 
 6 
 2 
 16 
 6 
 33 
 40 
 6 
 0 
 0 
 5 
 2 
 32 
 6 
 33 
 32 
 7 
 3 
 0 
 6 
 33 
 40 
 6 
 2 
 56 
 7 
 33 
 40 
 6 
 2 
 56 
 6 
 33 
 40 
 7 
 2 
 48 
 7 
 33 
 40 
 7 
 2 
 48 
 7 
 33 
 40 
 7 
 2 
 40 
 7 
 33 
 48 
 7 
 2 
 32 
 8 
 33 
 40 
 8 
 2 
 32 
 7 
 33 
 48 
 8 
 2 
 24 
 8 
 33 
 48 
 8 
 2 
 16 
 8 
 33 
 56 
 8 
 2 
 8 
 9 
 33 
 56 
 9 
 2 
 8 
 8 
 34 
 0 
 9 
 2 
 0 
 9 
 34 
 0 
 9 
 1 
 56 
 9 
 34 
 8 
 10 
 1 
 48 
 10 
 34 
 8 
 10 
 1 
 48 
 9 
 34 
 16 
 11 
 1 
 40 
 10 
 34 
 16 
 11 
 1 
 32 
 10 
 34 
 24 
 12 
 1 
 24 
 11 
 34 
 32 
 12 
 1 
 16 
 11 
 34 
 40 
 12 
 1 
 16 
 11 
 34 
 48 
 10 
 1 
 24 
 9 
 34 
 56 
 9 
 1 
 32 
 6 
 35 
 16 
 6 
 40 
 28 
 3 
 62 
 9 
 0 
 1 
 8 
 1 
 0 
 0 
 0 
 0 
 0 
 0 
 0 
 0 
 0 
 62 
 10 
 0 
 1 
 16 
 1 
 0 
 0 
 0 
 0 
 0 
 0 
 0 
 0 
 0 
 62 
 11 
 0 
 1 
 24 
 1 
 0 
 0 
 0 
 0 
 0 
 0 
 0 
 0 
 0 
 0 
 0 
 0 
 0 
 0 
 0 
 63 
 1 
 0 
 0 
